Bin Id	Marker lineage	# genomes	# markers	# marker sets	Completeness	Contamination	Strain heterogeneity	Genome size (bp)	# ambiguous bases	# scaffolds	# contigs	N50 (scaffolds)	N50 (contigs)	Mean scaffold length (bp)	Mean contig length (bp)	Longest scaffold (bp)	Longest contig (bp)	GC	GC std (scaffolds > 1kbp)	Coding density	Translation table	# predicted genes	0	1	2	3	4	5+
TOBG_MED_1001	k__Bacteria (UID2570)	433	274	183	81.58	5.19	94.12	1517519	9832	32	32	57356	57356	47422	47422	166394	166394	31.2	1.94	96.48	11	1445	36	221	17	0	0	0
TOBG_MED_1003	k__Bacteria (UID2495)	2993	139	83	58.31	4.82	0.00	710250	2804	42	42	17613	17613	16910	16910	63661	63661	33.4	1.50	95.99	11	758	73	60	6	0	0	0
TOBG_MED_1008	k__Bacteria (UID203)	5449	104	58	80.17	9.56	80.00	1858573	5412	70	70	30247	30247	26551	26551	117925	117925	60.9	1.97	91.74	11	1795	13	66	25	0	0	0
TOBG_MED_1017	o__Actinomycetales (UID1572)	580	288	173	84.35	6.15	85.00	1110878	8062	65	65	18529	18529	17090	17090	67273	67273	60.7	1.23	95.12	11	1190	46	222	20	0	0	0
TOBG_MED_1036	k__Bacteria (UID203)	5449	103	57	57.89	3.51	0.00	1034853	4718	28	28	42535	42535	36959	36959	128346	128346	33.5	1.45	96.97	11	1092	64	37	2	0	0	0
TOBG_MED_104	k__Bacteria (UID2495)	2993	139	83	70.41	2.91	88.89	868752	4828	73	73	12239	12239	11900	11900	32742	32742	29.5	2.19	96.56	11	994	48	82	9	0	0	0
TOBG_MED_1046	c__Gammaproteobacteria (UID4201)	1164	275	174	52.62	0.00	0.00	663476	115	29	29	28033	28033	22878	22878	61165	61165	33.7	1.51	97.23	11	688	132	143	0	0	0	0
TOBG_MED_1047	p__Euryarchaeota (UID3)	148	188	125	74.93	2.93	100.00	1754951	3401	74	74	30075	30075	23715	23715	97714	97714	38.7	1.35	95.49	11	1494	35	148	5	0	0	0
TOBG_MED_105	p__Cyanobacteria (UID2143)	129	472	368	61.36	1.59	92.31	966148	6197	68	68	15766	15766	14208	14208	59619	59619	31.1	2.04	92.00	11	1127	169	290	13	0	0	0
TOBG_MED_1076	k__Bacteria (UID2570)	433	274	183	84.27	1.64	0.00	1524237	443	28	28	119010	119010	54437	54437	313474	313474	30.2	2.05	96.81	11	1430	33	236	5	0	0	0
TOBG_MED_1079	c__Alphaproteobacteria (UID3305)	564	349	230	65.87	2.91	93.33	1972752	8576	58	58	42390	42390	34012	34012	99466	99466	41.8	0.97	92.41	11	1942	106	228	15	0	0	0
TOBG_MED_1093	p__Euryarchaeota (UID3)	148	188	125	84.93	7.47	60.00	2110723	2532	34	34	110700	110700	62080	62080	207417	207417	39.7	2.10	95.63	11	1729	21	152	15	0	0	0
TOBG_MED_1094	k__Bacteria (UID2569)	434	278	186	86.81	6.09	87.50	1650114	670	21	21	89526	89526	78576	78576	231889	231889	26.9	1.09	95.98	11	1449	29	235	13	1	0	0
TOBG_MED_1105	k__Bacteria (UID2495)	2993	147	91	90.11	6.04	77.78	1861616	7256	49	49	56449	56449	37992	37992	135964	135964	34.8	1.99	95.64	11	1773	10	128	9	0	0	0
TOBG_MED_1116	k__Bacteria (UID2495)	2993	140	84	86.90	1.19	100.00	870948	1000	21	21	49855	49855	41473	41473	145779	145779	28.7	2.50	96.12	11	969	12	127	1	0	0	0
TOBG_MED_1122	k__Bacteria (UID2982)	88	229	147	88.30	8.16	100.00	3636569	26932	66	66	78900	78900	55099	55099	178610	178610	48.9	1.67	92.25	11	2884	22	193	14	0	0	0
TOBG_MED_1131	s__algicola (UID2846)	47	571	303	55.51	2.83	53.85	1030045	7090	45	45	30715	30715	22889	22889	97357	97357	28.6	1.38	96.11	11	1012	239	319	13	0	0	0
TOBG_MED_1153	k__Bacteria (UID2495)	2993	139	83	84.90	6.02	100.00	1024810	750	55	55	21202	21202	18632	18632	72351	72351	29.6	2.39	96.45	11	1113	32	102	5	0	0	0
TOBG_MED_1155	o__Burkholderiales (UID4000)	193	427	214	84.70	7.40	26.32	1910504	565	80	80	37489	37489	23881	23881	108883	108883	30.2	1.87	93.85	11	1944	61	334	29	3	0	0
TOBG_MED_1178	k__Bacteria (UID2569)	434	278	186	50.48	4.30	22.22	950926	212	68	68	14187	14187	13984	13984	35679	35679	30.7	2.29	95.84	11	945	137	132	9	0	0	0
TOBG_MED_1190	c__Alphaproteobacteria (UID3305)	564	349	230	89.75	8.28	92.11	1861042	6018	45	45	53051	53051	41356	41356	135766	135766	56.4	2.08	93.86	11	1846	32	281	35	1	0	0
TOBG_MED_1222	k__Bacteria (UID2495)	2993	143	89	55.36	0.37	0.00	688871	26	42	42	17891	17891	16401	16401	77285	77285	41.4	2.02	85.44	11	711	55	87	1	0	0	0
TOBG_MED_1223	p__Euryarchaeota (UID3)	148	188	125	71.73	0.80	0.00	1464292	6761	76	76	20992	20992	19267	19267	166035	166035	35.9	1.46	95.25	11	1416	43	144	1	0	0	0
TOBG_MED_1227	f__Rhodobacteraceae (UID3340)	84	568	330	83.27	6.81	94.74	2077567	10815	86	86	29528	29528	24157	24157	83006	83006	40.3	1.71	92.37	11	2060	87	443	38	0	0	0
TOBG_MED_1229	c__Gammaproteobacteria (UID4267)	119	544	284	52.26	1.06	0.00	1138026	4796	32	32	52508	52508	35563	35563	103241	103241	36.0	1.89	95.20	11	1087	239	303	0	2	0	0
TOBG_MED_1233	k__Bacteria (UID2565)	2921	143	88	80.11	9.09	100.00	1883303	4145	31	31	70484	70484	60751	60751	156090	156090	57.2	1.25	94.51	11	1633	18	116	9	0	0	0
TOBG_MED_124	s__algicola (UID2846)	47	571	303	51.66	3.84	72.41	949968	8714	55	55	18110	18110	17272	17272	42780	42780	30.4	1.44	95.74	11	927	236	306	29	0	0	0
TOBG_MED_1247	s__algicola (UID2846)	47	571	303	77.25	2.37	75.00	1292711	12118	51	51	36252	36252	25347	25347	88334	88334	42.2	1.83	95.08	11	1271	114	445	12	0	0	0
TOBG_MED_1250	c__Gammaproteobacteria (UID4201)	1164	275	174	50.57	3.07	50.00	707330	5163	47	47	16319	16319	15049	15049	40603	40603	33.3	1.75	96.89	11	775	133	136	6	0	0	0
TOBG_MED_1257	o__Rhodospirillales (UID3754)	63	336	201	69.45	3.73	70.00	2051376	5903	127	127	16563	16563	16152	16152	50949	50949	58.6	1.33	89.88	11	2135	127	201	7	1	0	0
TOBG_MED_1261	c__Gammaproteobacteria (UID4267)	119	544	284	78.93	4.06	14.29	1324308	124	76	76	22084	22084	17425	17425	62781	62781	35.1	2.01	94.34	11	1338	108	415	21	0	0	0
TOBG_MED_1269	k__Bacteria (UID1453)	901	171	117	90.60	4.70	0.00	1932114	1351	25	25	145839	145839	77284	77284	280483	280483	44.2	1.72	94.52	11	1922	13	153	3	2	0	0
TOBG_MED_1270	k__Bacteria (UID1453)	901	171	117	73.50	0.00	0.00	1367123	438	17	17	139735	139735	80419	80419	236191	236191	51.6	1.50	92.83	11	1368	33	138	0	0	0	0
TOBG_MED_139	c__Alphaproteobacteria (UID3305)	564	349	230	52.40	1.09	100.00	1040841	6083	86	86	12171	12171	12102	12102	30022	30022	31.6	2.26	94.71	11	1124	168	177	4	0	0	0
TOBG_MED_174	k__Bacteria (UID2982)	88	230	148	61.21	3.38	83.33	1563806	13006	112	112	13995	13995	13962	13962	45435	45435	43.2	3.90	95.28	11	1417	83	141	6	0	0	0
TOBG_MED_191	c__Alphaproteobacteria (UID3305)	564	349	230	51.04	3.19	87.50	892427	4618	72	72	12913	12913	12394	12394	30677	30677	30.5	2.43	94.72	11	958	182	159	8	0	0	0
TOBG_MED_195	p__Cyanobacteria (UID2143)	129	472	368	56.63	2.31	55.56	1306460	17100	83	83	16742	16742	15740	15740	47286	47286	54.2	2.68	90.53	11	1443	216	247	9	0	0	0
TOBG_MED_203	c__Gammaproteobacteria (UID4201)	1164	275	174	57.30	4.31	50.00	936231	5252	69	69	14010	14010	13568	13568	37404	37404	35.5	1.33	96.39	11	1031	107	160	8	0	0	0
TOBG_MED_211	p__Euryarchaeota (UID3)	148	188	125	52.00	3.20	25.00	1183444	3084	101	101	12006	12006	11717	11717	30588	30588	41.2	3.34	94.66	11	1165	72	108	8	0	0	0
TOBG_MED_215	c__Alphaproteobacteria (UID3337)	468	388	250	50.09	4.01	5.00	1338917	7377	95	95	13258	13258	14093	14093	116295	116295	35.3	2.89	93.90	11	1488	192	180	14	2	0	0
TOBG_MED_569	k__Bacteria (UID1453)	901	171	117	54.70	4.35	12.50	1687286	14875	123	123	13688	13688	13717	13717	49606	49606	64.3	6.33	93.67	11	1771	62	103	5	1	0	0
TOBG_MED_580	c__Deltaproteobacteria (UID3216)	83	247	155	80.92	4.01	8.33	4534432	636	231	231	24835	24835	19629	19629	77252	77252	58.3	5.45	90.89	11	3980	64	171	12	0	0	0
TOBG_MED_581	c__Gammaproteobacteria (UID4443)	356	451	270	75.83	1.37	57.14	2357711	14690	124	124	22747	22747	19013	19013	84473	84473	52.1	2.84	89.13	11	2201	92	354	4	1	0	0
TOBG_MED_582	p__Proteobacteria (UID3887)	1487	261	164	87.80	3.62	92.86	1971941	4720	84	84	30442	30442	23475	23475	92068	92068	36.3	5.17	93.16	11	1929	21	228	11	1	0	0
TOBG_MED_583	k__Bacteria (UID2565)	2921	152	93	60.82	1.08	0.00	2311172	1856	157	157	16212	16212	14720	14720	61736	61736	51.8	5.40	91.46	11	1919	66	85	1	0	0	0
TOBG_MED_584	c__Gammaproteobacteria (UID4443)	356	451	270	72.96	1.11	66.67	1836176	3918	48	48	53264	53264	38253	38253	121569	121569	42.9	2.09	88.87	11	1639	110	338	3	0	0	0
TOBG_MED_585	c__Alphaproteobacteria (UID3305)	564	349	230	85.02	3.41	64.71	2035001	10182	82	82	32862	32862	24817	24817	79895	79895	28.8	1.66	95.12	11	2167	72	260	17	0	0	0
TOBG_MED_586	k__Bacteria (UID2495)	2993	147	91	74.31	0.00	0.00	1567670	12054	100	100	17405	17405	15676	15676	37738	37738	31.6	2.32	95.82	11	1400	30	117	0	0	0	0
TOBG_MED_587	c__Alphaproteobacteria (UID3305)	564	349	230	99.13	0.00	0.00	3619760	509	15	15	2086508	2086508	241317	241317	2086508	2086508	57.2	14.47	90.73	11	3451	2	347	0	0	0	0
TOBG_MED_588	s__algicola (UID2846)	47	571	303	94.97	3.01	5.88	4336285	344	150	150	43016	43016	28908	28908	218860	218860	41.2	6.49	92.16	11	4060	28	526	17	0	0	0
TOBG_MED_589	k__Bacteria (UID2495)	2993	147	91	95.60	3.85	33.33	2909735	1570	87	87	62825	62825	33445	33445	228832	228832	29.5	4.92	94.05	11	2642	4	137	6	0	0	0
TOBG_MED_590	k__Bacteria (UID2982)	88	230	148	91.89	4.05	62.50	2560327	6092	150	150	19548	19548	17068	17068	64280	64280	42.1	4.07	94.95	11	2302	13	211	5	1	0	0
TOBG_MED_591	c__Gammaproteobacteria (UID4267)	119	544	284	80.59	1.35	11.11	1543911	372	25	25	102911	102911	61756	61756	394487	394487	34.3	2.30	95.29	11	1520	88	449	6	1	0	0
TOBG_MED_592	c__Gammaproteobacteria (UID4787)	26	752	296	88.76	2.72	78.57	3852236	8455	182	182	24550	24550	21166	21166	92634	92634	41.0	1.35	88.76	11	3595	78	646	28	0	0	0
TOBG_MED_593	k__Bacteria (UID2982)	88	230	148	95.21	8.00	15.38	1567035	15304	47	47	52858	52858	33341	33341	120645	120645	40.3	4.76	94.49	11	1530	9	208	13	0	0	0
TOBG_MED_594	k__Bacteria (UID1453)	901	171	117	96.58	7.26	44.44	2500777	3327	35	35	126539	126539	71450	71450	367565	367565	43.0	4.19	94.10	11	2500	4	158	9	0	0	0
TOBG_MED_595	c__Alphaproteobacteria (UID3305)	564	349	230	85.39	1.74	71.43	2124773	2886	124	124	19179	19179	17135	17135	71032	71032	47.6	3.97	92.70	11	2141	50	292	7	0	0	0
TOBG_MED_596	k__Bacteria (UID2569)	434	278	186	96.59	5.38	100.00	1820433	6127	36	36	88906	88906	50567	50567	161349	161349	36.1	1.32	95.48	11	1641	7	259	12	0	0	0
TOBG_MED_597	k__Bacteria (UID2982)	88	230	148	80.95	1.35	50.00	3119853	1700	185	185	19095	19095	16864	16864	75212	75212	55.7	1.31	90.95	11	2744	33	195	2	0	0	0
TOBG_MED_598	k__Bacteria (UID2495)	2993	147	91	97.80	1.10	100.00	1438732	1121	34	34	58742	58742	42315	42315	134560	134560	28.4	3.50	96.35	11	1365	2	144	1	0	0	0
TOBG_MED_599	k__Bacteria (UID2495)	2993	147	91	94.44	4.40	25.00	4811953	12309	217	217	28937	28937	22174	22174	95580	95580	40.2	2.80	86.17	11	4162	7	136	4	0	0	0
TOBG_MED_600	k__Bacteria (UID2495)	2993	147	91	57.69	0.30	100.00	1148476	862	78	78	15141	15141	14724	14724	53102	53102	34.4	4.66	95.97	11	1116	46	98	3	0	0	0
TOBG_MED_601	k__Bacteria (UID2565)	2921	140	85	97.58	6.47	100.00	7173301	3732	133	133	86002	86002	53934	53934	206034	206034	55.3	2.22	86.79	11	5352	3	131	6	0	0	0
TOBG_MED_602	k__Bacteria (UID2495)	2993	140	84	96.43	2.38	100.00	1879045	1738	60	60	64415	64415	31317	31317	293646	293646	31.8	4.96	95.69	11	2193	3	135	2	0	0	0
TOBG_MED_603	s__algicola (UID2846)	47	571	303	84.85	2.24	70.00	2098250	2910	92	92	25565	25565	22807	22807	78348	78348	36.9	2.82	94.19	11	1985	77	476	17	1	0	0
TOBG_MED_604	s__algicola (UID2846)	47	571	303	90.64	3.35	76.47	2479522	6049	62	62	68623	68623	39992	39992	354605	354605	38.1	7.32	93.44	11	2293	41	513	17	0	0	0
TOBG_MED_605	k__Bacteria (UID2495)	2993	139	83	91.57	3.61	0.00	1605601	1002	73	73	33183	33183	21994	21994	82324	82324	29.2	4.49	95.99	11	1787	8	127	4	0	0	0
TOBG_MED_606	k__Bacteria (UID2495)	2993	147	91	70.20	0.00	0.00	871689	314	65	65	14081	14081	13410	13410	36620	36620	30.9	5.52	94.86	11	982	53	94	0	0	0	0
TOBG_MED_607	c__Gammaproteobacteria (UID4266)	1097	270	172	66.99	1.91	0.00	1452598	570	92	92	17784	17784	15789	15789	55914	55914	35.4	5.21	94.96	11	1430	74	188	8	0	0	0
TOBG_MED_608	k__Bacteria (UID2565)	2921	143	88	81.76	2.84	33.33	2883302	1211	115	115	30906	30906	25072	25072	88461	88461	59.0	3.04	92.43	11	2447	58	82	3	0	0	0
TOBG_MED_609	k__Bacteria (UID2565)	2921	152	93	85.23	1.61	0.00	2954804	807	126	126	31092	31092	23450	23450	152552	152552	51.9	5.04	91.66	11	2349	19	131	2	0	0	0
TOBG_MED_610	c__Gammaproteobacteria (UID4761)	52	693	297	87.34	2.55	18.75	3904643	24338	109	109	51041	51041	35822	35822	256219	256219	48.9	2.60	89.80	11	3530	89	588	16	0	0	0
TOBG_MED_611	c__Gammaproteobacteria (UID4444)	263	498	228	79.30	1.33	50.00	2063334	15755	106	106	21957	21957	19465	19465	70341	70341	52.5	3.35	92.65	11	2011	99	395	4	0	0	0
TOBG_MED_612	p__Proteobacteria (UID3880)	1495	242	151	58.09	1.32	100.00	1074574	6306	71	71	15257	15257	15134	15134	51157	51157	38.4	1.63	94.84	11	1120	83	156	3	0	0	0
TOBG_MED_613	c__Gammaproteobacteria (UID4443)	356	451	270	70.00	1.67	87.50	1707159	3720	112	112	16103	16103	15242	15242	41555	41555	44.9	1.43	90.00	11	1652	118	325	8	0	0	0
TOBG_MED_614	f__Flavobacteriaceae (UID2817)	81	511	283	81.37	4.99	25.00	1903688	18061	72	72	36787	36787	26440	26440	93585	93585	39.0	4.97	93.88	11	1871	72	421	17	1	0	0
TOBG_MED_615	c__Gammaproteobacteria (UID4444)	263	498	228	76.71	1.12	100.00	1657217	8890	69	69	30889	30889	24017	24017	124891	124891	53.3	3.01	93.72	11	1608	101	383	14	0	0	0
TOBG_MED_616	f__Rhodobacteraceae (UID3340)	84	568	330	85.78	3.27	100.00	2163699	9449	59	59	51815	51815	36672	36672	112431	112431	40.6	1.26	92.57	11	2147	75	469	24	0	0	0
TOBG_MED_617	k__Bacteria (UID2495)	2993	147	91	94.51	4.52	62.50	1380858	16902	57	57	31959	31959	24225	24225	94287	94287	29.9	1.99	96.33	11	1545	5	134	8	0	0	0
TOBG_MED_618	k__Bacteria (UID2495)	2993	147	91	57.79	1.75	66.67	619612	4644	44	44	13976	13976	14082	14082	37821	37821	32.2	2.85	96.44	11	637	52	92	3	0	0	0
TOBG_MED_619	f__Flavobacteriaceae (UID2817)	81	511	283	82.12	1.00	25.00	1616686	2956	26	26	96672	96672	62180	62180	220421	220421	40.6	1.01	94.40	11	1518	94	413	4	0	0	0
TOBG_MED_620	c__Alphaproteobacteria (UID3305)	564	349	230	91.09	1.75	100.00	2975145	7991	88	88	55246	55246	33808	33808	133040	133040	55.1	3.20	91.81	11	2901	21	322	6	0	0	0
TOBG_MED_621	k__Bacteria (UID2569)	434	278	186	91.40	2.47	89.47	2236066	5347	92	92	32654	32654	24305	24305	138860	138860	30.1	2.87	95.29	11	2057	17	244	16	1	0	0
TOBG_MED_622	k__Bacteria (UID2569)	434	278	186	96.51	6.00	84.62	2609325	9226	83	83	48116	48116	31437	31437	274414	274414	53.5	10.78	95.05	11	2262	7	258	13	0	0	0
TOBG_MED_623	k__Bacteria (UID2566)	525	208	136	100.00	9.68	64.71	2493169	5457	72	72	52023	52023	34627	34627	193012	193012	39.2	3.96	93.41	11	2422	0	191	17	0	0	0
TOBG_MED_624	c__Alphaproteobacteria (UID3422)	26	529	308	99.45	5.03	66.67	3706908	571	28	28	306938	306938	132389	132389	810765	810765	55.2	1.21	91.37	11	3631	3	507	18	1	0	0
TOBG_MED_625	p__Euryarchaeota (UID3)	148	188	125	62.67	2.00	0.00	1441770	309	96	96	16763	16763	15018	15018	50938	50938	49.0	8.06	94.62	11	1311	52	133	3	0	0	0
TOBG_MED_626	c__Gammaproteobacteria (UID4443)	356	451	270	80.20	2.10	73.33	1193441	8804	59	59	23640	23640	20227	20227	71869	71869	50.9	0.97	95.83	11	1289	80	358	12	1	0	0
TOBG_MED_627	p__Bacteroidetes (UID2591)	364	303	203	64.01	1.97	16.67	2192286	825	151	151	15118	15118	14518	14518	99125	99125	41.3	4.95	94.92	11	2285	105	192	6	0	0	0
TOBG_MED_628	k__Bacteria (UID1453)	901	171	117	50.85	0.85	50.00	532866	2800	21	21	28047	28047	25374	25374	85237	85237	32.6	1.45	96.77	11	600	65	104	2	0	0	0
TOBG_MED_629	k__Bacteria (UID2982)	88	229	147	79.03	1.50	0.00	3666716	1858	212	212	20220	20220	17295	17295	71126	71126	53.7	2.46	92.73	11	2970	43	183	3	0	0	0
TOBG_MED_630	p__Cyanobacteria (UID2143)	129	469	365	83.56	2.19	100.00	1285346	6268	63	63	23880	23880	20402	20402	60525	60525	35.3	1.71	90.24	11	1470	73	387	9	0	0	0
TOBG_MED_631	k__Bacteria (UID3187)	2258	190	119	66.03	0.85	93.33	2049471	17429	161	161	13080	13080	12729	12729	45476	45476	46.9	2.63	91.75	11	1995	53	122	15	0	0	0
TOBG_MED_632	p__Proteobacteria (UID3880)	1495	261	164	87.65	3.05	16.67	2948245	15044	123	123	29685	29685	23969	23969	209827	209827	53.3	6.10	91.84	11	3006	25	232	3	1	0	0
TOBG_MED_633	f__Rhodobacteraceae (UID3360)	56	582	313	98.42	0.88	50.00	3500593	22212	88	88	55033	55033	39779	39779	228533	228533	60.4	4.41	90.79	11	3438	7	571	4	0	0	0
TOBG_MED_634	c__Gammaproteobacteria (UID4267)	119	544	284	53.58	1.76	44.44	1671198	12882	90	90	23016	23016	18568	18568	72515	72515	43.7	0.97	92.97	11	1685	265	272	6	1	0	0
TOBG_MED_635	k__Bacteria (UID2982)	88	230	148	75.74	0.68	100.00	2720828	2615	123	123	26900	26900	22120	22120	95293	95293	40.3	2.09	94.35	11	2268	48	181	1	0	0	0
TOBG_MED_636	o__Cytophagales (UID2936)	47	454	336	82.04	4.76	0.00	2959024	952	129	129	32368	32368	22938	22938	91380	91380	36.2	5.18	90.78	11	2524	73	360	20	1	0	0
TOBG_MED_637	o__Actinomycetales (UID1663)	488	310	185	91.14	3.51	100.00	2045228	3505	41	41	74404	74404	49883	49883	182177	182177	61.9	6.54	93.39	11	2101	20	283	7	0	0	0
TOBG_MED_638	k__Bacteria (UID2569)	434	278	186	58.06	1.61	100.00	1007396	7847	74	74	14420	14420	13613	13613	32492	32492	30.5	3.65	95.94	11	1010	109	165	4	0	0	0
TOBG_MED_639	k__Bacteria (UID2495)	2993	147	91	56.43	1.10	0.00	817852	5000	62	62	13554	13554	13191	13191	33046	33046	30.3	3.03	95.08	11	894	78	68	1	0	0	0
TOBG_MED_640	f__Rhodobacteraceae (UID3361)	46	654	332	50.66	0.81	71.43	2226990	14823	155	155	14445	14445	14367	14367	93866	93866	50.5	5.68	90.34	11	2314	289	358	7	0	0	0
TOBG_MED_641	p__Proteobacteria (UID3214)	2231	190	119	88.45	1.68	0.00	1402833	314	41	41	49369	49369	34215	34215	132097	132097	38.6	2.63	96.14	11	1428	38	150	2	0	0	0
TOBG_MED_642	k__Bacteria (UID2495)	2993	139	83	53.19	1.61	23.08	928230	3312	68	68	13218	13218	13650	13650	38582	38582	30.2	4.11	96.29	11	1025	52	74	13	0	0	0
TOBG_MED_643	k__Bacteria (UID2565)	2921	142	87	99.93	9.77	77.78	3851942	12863	121	121	48078	48078	31834	31834	241298	241298	50.7	4.57	90.11	11	3235	1	132	9	0	0	0
TOBG_MED_644	c__Alphaproteobacteria (UID3337)	468	388	250	58.17	1.87	14.29	965815	2452	68	68	14640	14640	14203	14203	54889	54889	36.6	2.65	93.19	11	927	133	248	7	0	0	0
TOBG_MED_645	k__Bacteria (UID2495)	2993	147	91	96.70	0.00	0.00	1455472	12418	50	50	45828	45828	29109	29109	134995	134995	28.1	2.84	96.15	11	1378	3	144	0	0	0	0
TOBG_MED_646	c__Gammaproteobacteria (UID4444)	263	498	228	60.00	1.89	0.00	1794777	1789	129	129	14873	14873	13913	13913	49713	49713	52.8	4.90	91.40	11	1795	184	305	9	0	0	0
TOBG_MED_647	k__Bacteria (UID2495)	2993	147	91	69.78	0.00	0.00	1585063	16651	27	27	97392	97392	58706	58706	279736	279736	27.8	6.70	95.53	11	1444	58	89	0	0	0	0
TOBG_MED_648	k__Bacteria (UID2495)	2993	147	91	87.91	1.10	100.00	2229105	15085	113	113	23277	23277	19726	19726	81633	81633	32.8	2.16	94.40	11	2081	13	133	1	0	0	0
TOBG_MED_649	k__Bacteria (UID203)	5449	104	58	92.95	4.55	73.68	1361524	7758	38	38	46682	46682	35829	35829	118319	118319	30.6	1.72	95.58	11	1293	6	79	19	0	0	0
TOBG_MED_650	p__Cyanobacteria (UID2143)	129	472	368	80.15	4.57	65.22	1803804	7102	87	87	24584	24584	20733	20733	60886	60886	59.1	3.20	92.79	11	2079	97	352	23	0	0	0
TOBG_MED_651	k__Bacteria (UID2569)	434	278	186	91.83	2.69	40.00	1682645	491	53	53	45058	45058	31748	31748	121990	121990	30.8	4.86	96.35	11	1598	19	254	5	0	0	0
TOBG_MED_652	k__Bacteria (UID2495)	2993	147	91	98.90	5.49	0.00	1685264	6029	67	67	38666	38666	25153	25153	175410	175410	30.3	5.78	95.63	11	1819	1	142	3	1	0	0
TOBG_MED_653	c__Alphaproteobacteria (UID3422)	26	529	308	93.94	0.42	33.33	3491745	104	26	26	217677	217677	134297	134297	866309	866309	54.7	2.57	91.21	11	3370	27	499	3	0	0	0
TOBG_MED_654	k__Bacteria (UID2566)	525	208	136	96.69	3.86	83.33	1936805	6239	67	67	42463	42463	28907	28907	132779	132779	30.9	3.00	95.14	11	1840	5	197	6	0	0	0
TOBG_MED_655	k__Bacteria (UID2982)	88	229	147	88.86	2.72	88.89	3265334	14572	100	100	41024	41024	32653	32653	162160	162160	39.1	1.75	94.19	11	2622	30	194	3	2	0	0
TOBG_MED_656	p__Proteobacteria (UID3880)	1495	261	164	65.68	1.52	66.67	1477774	7137	70	70	25307	25307	21111	21111	77122	77122	39.3	1.59	95.72	11	1505	95	163	3	0	0	0
TOBG_MED_657	k__Bacteria (UID2495)	2993	147	91	97.80	1.28	0.00	2028597	1081	29	29	165270	165270	69951	69951	387531	387531	31.1	5.29	95.19	11	2392	2	143	2	0	0	0
TOBG_MED_658	p__Cyanobacteria (UID2143)	129	472	368	60.04	0.95	0.00	1381281	996	99	99	14515	14515	13952	13952	65071	65071	57.0	5.86	91.13	11	1605	179	289	4	0	0	0
TOBG_MED_659	k__Bacteria (UID2982)	88	229	147	95.62	2.15	100.00	4226476	9607	128	128	45418	45418	33019	33019	159064	159064	55.0	1.69	92.42	11	3266	16	201	12	0	0	0
TOBG_MED_660	c__Deltaproteobacteria (UID3216)	83	247	155	90.65	1.94	0.00	4558888	1084	120	120	62714	62714	37990	37990	164088	164088	54.2	2.46	89.72	11	3905	15	229	3	0	0	0
TOBG_MED_661	k__Bacteria (UID2565)	2921	140	85	97.58	2.35	100.00	7093371	7001	156	156	73101	73101	45470	45470	316922	316922	51.9	1.50	85.96	11	5399	3	135	2	0	0	0
TOBG_MED_662	c__Alphaproteobacteria (UID3305)	564	349	230	60.68	0.91	100.00	1003870	6590	73	73	15428	15428	13751	13751	40857	40857	31.7	1.99	95.13	11	1074	122	224	3	0	0	0
TOBG_MED_663	k__Bacteria (UID203)	5449	104	58	54.31	0.86	0.00	761373	7326	62	62	11955	11955	12280	12280	42653	42653	30.4	1.98	96.50	11	750	65	38	1	0	0	0
TOBG_MED_664	c__Alphaproteobacteria (UID3305)	564	347	229	59.13	0.44	100.00	1732489	4395	51	51	47159	47159	33970	33970	149313	149313	56.6	3.05	90.72	11	1676	159	187	1	0	0	0
TOBG_MED_665	o__Rhizobiales (UID3447)	356	413	248	96.09	2.46	70.00	4964254	18997	168	168	39645	39645	29549	29549	147743	147743	53.6	1.17	86.28	11	5050	13	390	10	0	0	0
TOBG_MED_666	k__Bacteria (UID2569)	434	278	186	90.57	2.69	28.57	1633593	1784	62	62	43039	43039	26348	26348	108395	108395	30.6	5.44	95.24	11	1516	34	237	7	0	0	0
TOBG_MED_667	o__Rhodospirillales (UID3754)	63	336	201	78.11	1.12	100.00	1711098	580	89	89	21872	21872	19225	19225	82549	82549	34.2	1.52	94.14	11	1700	85	248	3	0	0	0
TOBG_MED_668	c__Gammaproteobacteria (UID4761)	52	693	297	92.78	1.68	44.44	4366947	3655	100	100	68219	68219	43669	43669	225042	225042	44.1	1.67	87.60	11	3898	68	616	9	0	0	0
TOBG_MED_669	c__Gammaproteobacteria (UID4443)	356	451	270	55.94	1.30	25.00	1799853	12714	127	127	15666	15666	14172	14172	48407	48407	46.6	1.51	94.11	11	1801	187	260	4	0	0	0
TOBG_MED_670	k__Bacteria (UID2982)	88	230	148	70.57	1.69	33.33	1303801	3640	30	30	52286	52286	43460	43460	87616	87616	53.1	2.46	93.97	11	1199	57	170	3	0	0	0
TOBG_MED_671	k__Bacteria (UID2565)	2921	143	88	93.11	0.98	40.00	3309648	2246	94	94	48392	48392	35209	35209	179243	179243	63.2	0.75	91.13	11	2734	7	131	5	0	0	0
TOBG_MED_672	c__Deltaproteobacteria (UID3216)	83	247	155	81.24	4.84	88.89	4043459	7518	183	183	26246	26246	22095	22095	126143	126143	59.6	2.71	90.54	11	3568	52	186	9	0	0	0
TOBG_MED_673	k__Bacteria (UID2495)	2993	147	91	96.70	3.30	100.00	2353118	14027	56	56	65078	65078	42019	42019	152978	152978	36.4	1.79	95.11	11	2140	3	140	4	0	0	0
TOBG_MED_674	c__Alphaproteobacteria (UID3305)	564	349	230	89.97	3.50	0.00	3481335	170	154	154	28322	28322	22606	22606	123197	123197	41.6	2.26	91.27	11	3480	34	291	24	0	0	0
TOBG_MED_675	o__Rhodospirillales (UID3754)	63	336	201	64.08	1.41	50.00	2537129	9296	161	161	17237	17237	15758	15758	76511	76511	53.4	2.16	89.55	11	2537	148	184	4	0	0	0
TOBG_MED_676	k__Bacteria (UID203)	5449	104	58	100.00	5.71	0.00	2009952	899	59	59	64778	64778	34066	34066	222721	222721	33.1	1.96	95.30	11	1956	0	89	15	0	0	0
TOBG_MED_677	k__Bacteria (UID2569)	434	278	186	87.37	2.47	16.67	1857346	20	104	104	18901	18901	17859	17859	83367	83367	58.8	2.08	95.46	11	1676	29	243	6	0	0	0
TOBG_MED_678	p__Euryarchaeota (UID3)	148	188	125	56.74	0.80	100.00	1618706	6909	110	110	14110	14110	14715	14715	143526	143526	42.3	1.46	95.44	11	1664	76	111	1	0	0	0
TOBG_MED_679	p__Euryarchaeota (UID3)	148	188	125	53.84	0.86	0.00	1526166	4881	89	89	18403	18403	17147	17147	107096	107096	53.7	1.70	95.44	11	1334	74	112	2	0	0	0
TOBG_MED_680	c__Gammaproteobacteria (UID4443)	356	451	270	50.67	0.93	75.00	1281139	9497	108	108	12537	12537	11862	11862	34169	34169	52.3	1.10	92.16	11	1331	201	246	4	0	0	0
TOBG_MED_681	k__Bacteria (UID203)	5449	104	58	61.52	0.00	0.00	3404599	1461	210	210	17658	17658	16212	16212	51037	51037	43.6	1.55	87.96	11	3118	62	42	0	0	0	0
TOBG_MED_682	f__Rhodobacteraceae (UID3340)	84	568	330	83.15	3.70	4.55	2597858	1126	125	125	26525	26525	20782	20782	116440	116440	39.4	1.97	93.00	11	2695	89	459	19	1	0	0
TOBG_MED_683	c__Alphaproteobacteria (UID3305)	564	349	230	63.34	0.00	0.00	1056506	349	73	73	16479	16479	14472	14472	52712	52712	54.5	1.58	93.76	11	1096	121	228	0	0	0	0
TOBG_MED_684	c__Gammaproteobacteria (UID4201)	1164	275	174	51.69	1.83	83.33	670350	5507	56	56	12256	12256	11970	11970	38053	38053	36.0	1.86	97.28	11	738	118	151	6	0	0	0
TOBG_MED_685	c__Gammaproteobacteria (UID4201)	1164	275	174	59.80	0.57	0.00	1175129	2544	29	29	64804	64804	40521	40521	151042	151042	34.1	1.80	97.00	11	1233	100	174	1	0	0	0
TOBG_MED_686	k__Bacteria (UID2566)	525	208	136	53.27	1.80	57.14	693759	336	52	52	12834	12834	13341	13341	40296	40296	30.9	1.79	96.08	11	691	94	107	7	0	0	0
TOBG_MED_687	o__Rhodospirillales (UID3754)	63	336	201	65.68	1.99	80.00	1339700	1319	55	55	29502	29502	24358	24358	124401	124401	54.6	2.68	88.58	11	1333	103	228	5	0	0	0
TOBG_MED_688	f__Rhodobacteraceae (UID3340)	84	568	330	58.58	1.97	0.00	2090813	2339	157	157	13537	13537	13317	13317	37363	37363	43.4	2.57	86.18	11	2133	242	316	10	0	0	0
TOBG_MED_689	k__Bacteria (UID2495)	2993	147	91	84.62	3.30	0.00	1356840	162	63	63	27267	27267	21537	21537	100093	100093	29.0	1.28	95.64	11	1502	58	86	3	0	0	0
TOBG_MED_690	c__Gammaproteobacteria (UID4443)	356	451	270	90.51	1.88	0.00	2419185	17	46	46	106385	106385	52590	52590	236416	236416	43.4	3.65	91.26	11	2309	31	411	9	0	0	0
TOBG_MED_691	k__Bacteria (UID203)	5449	104	58	55.17	0.00	0.00	2174873	54	133	133	17530	17530	16352	16352	56835	56835	61.0	1.94	92.32	11	1863	67	37	0	0	0	0
TOBG_MED_692	k__Bacteria (UID2569)	434	278	186	92.20	1.08	0.00	2388848	75	84	84	40344	40344	28438	28438	120382	120382	52.1	3.76	95.41	11	2028	25	251	2	0	0	0
TOBG_MED_693	p__Cyanobacteria (UID2143)	129	471	367	60.28	0.27	100.00	1090404	392	82	82	14049	14049	13297	13297	43369	43369	53.0	2.45	89.81	11	1172	174	296	1	0	0	0
TOBG_MED_694	p__Proteobacteria (UID3214)	2231	190	119	83.61	0.84	0.00	1611850	5	75	75	23603	23603	21491	21491	88266	88266	38.9	1.55	90.35	11	1668	27	162	1	0	0	0
TOBG_MED_695	o__Cytophagales (UID2936)	47	454	336	90.12	0.60	0.00	2846697	629	122	122	26509	26509	23333	23333	178327	178327	37.7	1.85	89.14	11	2581	40	412	2	0	0	0
TOBG_MED_696	k__Bacteria (UID2982)	88	230	148	74.63	1.35	0.00	1509949	1086	66	66	31205	31205	22878	22878	89393	89393	50.9	3.67	93.02	11	1447	52	176	2	0	0	0
TOBG_MED_697	k__Bacteria (UID2565)	2921	140	85	88.60	4.71	0.00	7781614	725	314	314	34947	34947	24782	24782	169231	169231	51.8	2.43	86.92	11	6179	26	111	2	1	0	0
TOBG_MED_698	c__Gammaproteobacteria (UID4443)	356	451	270	89.88	2.53	10.00	3208409	515	105	105	59504	59504	30556	30556	217339	217339	51.5	1.54	89.16	11	2957	34	407	10	0	0	0
TOBG_MED_699	p__Euryarchaeota (UID3)	148	188	125	54.67	1.60	0.00	1226083	278	83	83	16386	16386	14772	14772	45627	45627	60.8	1.49	95.59	11	1034	89	96	3	0	0	0
TOBG_MED_700	p__Euryarchaeota (UID3)	148	188	125	59.28	0.00	0.00	1401078	211	94	94	16032	16032	14905	14905	46130	46130	46.3	1.42	95.53	11	1199	65	123	0	0	0	0
TOBG_MED_701	c__Gammaproteobacteria (UID4443)	356	451	270	54.94	0.74	100.00	1070761	9267	50	50	25427	25427	21415	21415	58605	58605	34.7	1.94	96.61	11	1134	194	255	2	0	0	0
TOBG_MED_702	c__Alphaproteobacteria (UID3422)	26	529	308	93.99	2.87	88.89	3141579	13507	114	114	35583	35583	27557	27557	140899	140899	58.4	1.98	92.40	11	3102	28	483	18	0	0	0
TOBG_MED_703	k__Bacteria (UID2565)	2921	143	88	90.91	3.41	0.00	1937263	619	87	87	31039	31039	22267	22267	92627	92627	45.1	1.96	93.60	11	1771	8	132	3	0	0	0
TOBG_MED_704	k__Bacteria (UID2566)	525	208	136	88.97	0.00	0.00	1381658	242	38	38	55811	55811	36359	36359	262255	262255	29.5	1.30	95.37	11	1353	19	189	0	0	0	0
TOBG_MED_705	p__Euryarchaeota (UID3)	148	188	125	74.53	0.00	0.00	1807504	180	71	71	36045	36045	25457	25457	85730	85730	48.2	1.54	94.56	11	1541	36	152	0	0	0	0
TOBG_MED_706	p__Euryarchaeota (UID3)	148	188	125	72.40	1.60	100.00	1443717	4058	16	16	128827	128827	90232	90232	284019	284019	49.4	1.64	95.55	11	1243	55	131	2	0	0	0
TOBG_MED_707	p__Euryarchaeota (UID3)	148	188	125	75.20	0.00	0.00	1679080	251	74	74	29043	29043	22690	22690	82561	82561	42.8	1.09	95.85	11	1435	63	125	0	0	0	0
TOBG_MED_708	k__Bacteria (UID2565)	2921	143	88	94.32	4.08	80.00	3470013	6808	133	133	30393	30393	26090	26090	100296	100296	66.1	1.45	90.53	11	2914	5	133	5	0	0	0
TOBG_MED_709	c__Gammaproteobacteria (UID4443)	356	451	270	54.20	0.31	100.00	920759	2264	16	16	91035	91035	57547	57547	148119	148119	31.8	0.93	96.34	11	961	165	281	5	0	0	0
TOBG_MED_710	p__Euryarchaeota (UID3)	148	188	125	59.74	0.00	0.00	1044328	7860	49	49	22370	22370	21312	21312	51474	51474	51.4	4.04	95.36	11	927	64	124	0	0	0	0
TOBG_MED_711	k__Bacteria (UID2982)	88	230	148	65.20	0.68	100.00	2201132	17683	142	142	16471	16471	15500	15500	52531	52531	55.5	2.89	94.01	11	1888	69	160	1	0	0	0
TOBG_MED_712	k__Bacteria (UID2495)	2993	147	91	80.16	2.20	100.00	1570915	6396	32	32	80888	80888	49091	49091	182407	182407	33.4	2.56	96.19	11	1444	22	122	3	0	0	0
TOBG_MED_713	k__Bacteria (UID3060)	138	338	246	84.55	1.48	80.00	1041846	1750	8	8	246483	246483	130230	130230	356816	356816	31.3	1.44	95.95	11	1083	41	287	10	0	0	0
TOBG_MED_714	k__Bacteria (UID2495)	2993	147	91	63.74	1.10	0.00	1155715	3483	27	27	66824	66824	42804	42804	120258	120258	27.8	1.98	95.09	11	1260	38	108	1	0	0	0
TOBG_MED_715	k__Bacteria (UID2495)	2993	147	91	94.51	1.10	0.00	1307145	3	46	46	36261	36261	28416	28416	84211	84211	29.5	1.72	96.08	11	1460	7	139	1	0	0	0
TOBG_MED_716	o__Rhodospirillales (UID3754)	63	336	201	95.85	0.50	100.00	3026532	201	21	21	224842	224842	144120	144120	281254	281254	46.0	0.87	85.99	11	2824	25	306	5	0	0	0
TOBG_MED_717	c__Alphaproteobacteria (UID3305)	564	349	230	86.02	4.35	100.00	1636955	2823	24	24	81903	81903	68206	68206	157143	157143	57.4	1.22	92.88	11	1617	41	292	16	0	0	0
TOBG_MED_718	c__Gammaproteobacteria (UID4201)	1164	275	174	75.62	0.38	50.00	1023051	1064	20	20	58884	58884	51152	51152	221949	221949	33.8	1.83	96.90	11	1073	54	219	2	0	0	0
TOBG_MED_719	k__Bacteria (UID2982)	88	230	148	86.49	2.27	90.00	4083318	2227	35	35	165518	165518	116666	116666	343595	343595	47.8	1.10	90.23	11	3302	24	196	10	0	0	0
TOBG_MED_720	c__Gammaproteobacteria (UID4201)	1164	275	174	53.69	0.57	100.00	693101	327	10	10	81809	81809	69310	69310	119087	119087	34.6	1.23	96.86	11	735	111	163	1	0	0	0
TOBG_MED_721	k__Bacteria (UID2495)	2993	147	91	77.47	1.10	100.00	1717845	12268	53	53	46047	46047	32412	32412	82517	82517	30.7	1.89	94.39	11	1622	50	96	1	0	0	0
TOBG_MED_722	k__Bacteria (UID2495)	2993	147	91	53.80	0.00	0.00	677037	40	62	62	11073	11073	10919	10919	23188	23188	28.7	3.21	96.55	11	727	84	63	0	0	0	0
TOBG_MED_723	k__Bacteria (UID2495)	2993	147	91	51.66	0.00	0.00	814913	118	64	64	12600	12600	12733	12733	41773	41773	28.0	2.31	96.07	11	873	73	74	0	0	0	0
TOBG_MED_724	k__Bacteria (UID2495)	2993	139	83	54.39	0.00	0.00	652455	3851	44	44	15329	15329	14828	14828	36389	36389	31.1	2.27	96.73	11	737	52	87	0	0	0	0
TOBG_MED_725	c__Alphaproteobacteria (UID3305)	564	349	230	72.19	0.00	0.00	1365803	1655	17	17	118918	118918	80341	80341	216345	216345	54.0	1.17	92.98	11	1336	99	250	0	0	0	0
TOBG_MED_726	c__Gammaproteobacteria (UID4443)	356	451	270	58.97	1.30	66.67	952395	4389	41	41	30975	30975	23229	23229	76832	76832	31.3	1.47	96.79	11	1035	154	291	6	0	0	0
TOBG_MED_727	k__Bacteria (UID2495)	2993	139	83	61.45	1.20	0.00	503620	1377	23	23	32957	32957	21896	21896	61737	61737	29.4	2.43	95.70	11	552	36	102	1	0	0	0
TOBG_MED_728	o__Rhizobiales (UID3642)	107	484	316	98.10	1.27	50.00	5163516	220	49	49	161090	161090	105377	105377	414128	414128	61.4	2.12	88.02	11	4981	7	473	4	0	0	0
TOBG_MED_729	p__Proteobacteria (UID3887)	1487	259	162	80.30	3.28	91.67	1538660	5447	50	50	34899	34899	30773	30773	109471	109471	34.8	3.39	94.38	11	1509	42	205	12	0	0	0
TOBG_MED_730	c__Alphaproteobacteria (UID3305)	564	349	230	90.94	3.18	57.14	1478775	17324	43	43	41153	41153	34390	34390	134370	134370	56.4	4.16	93.73	11	1493	24	311	14	0	0	0
TOBG_MED_731	k__Bacteria (UID3187)	2258	190	119	86.97	1.12	100.00	1095174	1946	13	13	152839	152839	84244	84244	226402	226402	30.4	0.91	96.18	11	1164	18	170	2	0	0	0
TOBG_MED_732	k__Bacteria (UID2570)	433	267	178	80.34	4.61	77.78	1594489	15191	59	59	32535	32535	27025	27025	76096	76096	40.7	2.83	92.85	11	1391	41	217	9	0	0	0
TOBG_MED_733	k__Bacteria (UID2495)	2993	147	91	95.60	3.85	0.00	2274919	6421	68	68	58949	58949	33454	33454	168743	168743	33.3	2.47	95.71	11	2077	5	137	5	0	0	0
TOBG_MED_734	k__Bacteria (UID2569)	434	277	185	98.74	4.86	100.00	2592778	15065	58	58	58338	58338	44703	44703	185399	185399	38.0	0.93	95.10	11	2303	4	261	12	0	0	0
TOBG_MED_735	k__Bacteria (UID2566)	525	208	136	97.79	8.82	0.00	2242875	12464	38	38	124646	124646	59023	59023	224293	224293	31.4	1.97	94.54	11	2113	3	184	21	0	0	0
TOBG_MED_736	k__Bacteria (UID2565)	2921	143	88	92.27	4.18	88.89	2247865	3303	40	40	85799	85799	56196	56196	171963	171963	56.8	4.41	93.78	11	1974	11	123	9	0	0	0
TOBG_MED_737	k__Bacteria (UID2495)	2993	147	91	68.93	0.00	0.00	1257110	3401	44	44	44468	44468	28570	28570	80263	80263	35.0	1.63	96.13	11	1172	53	94	0	0	0	0
TOBG_MED_738	p__Euryarchaeota (UID3)	148	188	125	76.53	0.84	100.00	1807295	4012	57	57	43008	43008	31706	31706	105134	105134	46.4	1.09	94.94	11	1516	37	149	2	0	0	0
TOBG_MED_739	k__Bacteria (UID2982)	88	230	148	95.77	5.41	100.00	1312757	3529	37	37	49477	49477	35479	35479	84137	84137	38.4	2.34	94.24	11	1240	12	209	9	0	0	0
TOBG_MED_740	k__Archaea (UID2)	207	145	103	78.96	1.94	0.00	945636	3251	39	39	32293	32293	24247	24247	49336	49336	31.0	0.99	92.17	11	1241	27	116	2	0	0	0
TOBG_MED_741	k__Bacteria (UID2982)	88	230	148	97.30	8.11	100.00	2312040	4605	53	53	64580	64580	43623	43623	146639	146639	51.8	4.85	92.70	11	2067	5	211	14	0	0	0
TOBG_MED_742	k__Bacteria (UID2495)	2993	139	83	50.38	1.81	50.00	488599	3328	33	33	14788	14788	14806	14806	33624	33624	28.7	1.48	96.72	11	558	51	86	2	0	0	0
TOBG_MED_743	p__Euryarchaeota (UID3)	148	188	125	82.93	4.00	0.00	1937646	1534	80	80	44000	44000	24220	24220	143358	143358	40.8	11.07	95.70	11	1770	27	156	5	0	0	0
TOBG_MED_744	k__Bacteria (UID203)	5449	104	58	98.28	8.46	26.67	2374511	4993	50	50	101234	101234	47490	47490	640142	640142	47.4	1.40	92.76	11	2346	1	88	15	0	0	0
TOBG_MED_745	k__Bacteria (UID3187)	2258	190	119	80.24	1.68	0.00	3122797	13552	187	187	18715	18715	16699	16699	64798	64798	45.0	2.83	87.51	11	3063	47	141	2	0	0	0
TOBG_MED_746	k__Bacteria (UID2495)	2993	147	91	96.70	6.59	75.00	1674183	6695	46	46	48332	48332	36395	36395	160976	160976	27.6	2.66	96.56	11	1562	3	136	8	0	0	0
TOBG_MED_747	k__Bacteria (UID2570)	433	274	183	91.26	0.55	100.00	1627873	2089	8	8	222763	222763	203484	203484	414201	414201	35.7	0.74	95.81	11	1477	18	255	1	0	0	0
TOBG_MED_748	p__Cyanobacteria (UID2143)	129	472	368	93.30	4.33	100.00	2062232	5392	54	54	51216	51216	38189	38189	136951	136951	60.2	1.97	92.05	11	2351	31	418	23	0	0	0
TOBG_MED_749	k__Bacteria (UID2570)	433	274	183	51.26	1.91	25.00	916890	6002	47	47	22015	22015	19508	19508	62980	62980	27.2	2.38	96.14	11	886	107	163	4	0	0	0
TOBG_MED_750	k__Bacteria (UID1452)	924	151	101	53.47	1.98	33.33	607152	3011	39	39	15514	15514	15568	15568	34466	34466	30.7	2.05	95.80	11	672	52	96	3	0	0	0
TOBG_MED_751	c__Gammaproteobacteria (UID4201)	1164	275	174	54.65	0.57	100.00	824573	6658	22	22	47261	47261	37480	37480	124068	124068	32.8	1.74	97.34	11	869	106	168	1	0	0	0
TOBG_MED_752	c__Alphaproteobacteria (UID3305)	564	349	230	94.79	2.97	55.56	2544706	7404	25	25	226054	226054	101788	101788	562736	562736	42.5	3.15	92.42	11	2525	15	325	9	0	0	0
TOBG_MED_753	c__Gammaproteobacteria (UID4266)	1097	270	172	76.94	1.14	0.00	1158543	60	35	35	65177	65177	33101	33101	159008	159008	36.3	3.32	94.43	11	1201	47	214	9	0	0	0
TOBG_MED_754	c__Gammaproteobacteria (UID4443)	356	451	270	72.59	1.91	18.18	1863951	1652	63	63	43788	43788	29586	29586	118694	118694	41.4	3.15	90.02	11	1842	110	330	11	0	0	0
TOBG_MED_755	c__Alphaproteobacteria (UID3305)	564	349	230	65.48	0.43	100.00	1693597	2532	29	29	61574	61574	58399	58399	150666	150666	59.2	1.41	89.63	11	1499	132	216	1	0	0	0
TOBG_MED_756	c__Alphaproteobacteria (UID3305)	564	349	230	86.83	1.74	0.00	2996585	272	163	163	21864	21864	18383	18383	65923	65923	58.4	1.58	91.09	11	2718	47	298	4	0	0	0
TOBG_MED_757	k__Bacteria (UID2495)	2993	147	91	92.31	4.95	0.00	1950198	31	78	78	34114	34114	25002	25002	98117	98117	29.6	2.33	96.37	11	1909	8	133	6	0	0	0
TOBG_MED_758	k__Bacteria (UID1453)	901	171	117	50.43	0.43	0.00	743160	1522	45	45	18087	18087	16514	16514	51918	51918	35.1	2.19	96.14	11	869	65	105	1	0	0	0
TOBG_MED_759	c__Gammaproteobacteria (UID4443)	356	451	270	89.74	3.21	93.33	1788781	1955	31	31	84972	84972	57702	57702	211681	211681	50.6	2.40	94.04	11	1842	42	394	15	0	0	0
TOBG_MED_760	p__Euryarchaeota (UID3)	148	188	125	65.81	0.25	0.00	1247023	587	20	20	83939	83939	62351	62351	148370	148370	35.6	1.89	95.16	11	1075	75	109	4	0	0	0
TOBG_MED_761	k__Bacteria (UID2495)	2993	147	91	50.87	0.00	0.00	1038385	5270	72	72	14858	14858	14422	14422	45211	45211	32.5	2.61	94.88	11	985	71	76	0	0	0	0
TOBG_MED_762	k__Bacteria (UID2566)	525	208	136	82.72	4.41	22.22	1880399	4459	44	44	53455	53455	42736	42736	193171	193171	35.9	2.07	91.62	11	1736	35	164	9	0	0	0
TOBG_MED_763	k__Bacteria (UID2566)	525	208	136	97.79	7.84	0.00	2111841	10798	38	38	98891	98891	55574	55574	202216	202216	32.0	2.36	94.07	11	2016	3	188	17	0	0	0
TOBG_MED_764	c__Gammaproteobacteria (UID4443)	356	451	270	53.14	1.45	55.56	1452693	13828	99	99	15571	15571	14673	14673	47010	47010	54.2	3.74	91.52	11	1414	202	240	9	0	0	0
TOBG_MED_765	p__Proteobacteria (UID3880)	1495	261	164	95.73	0.46	85.71	1989739	902	18	18	168110	168110	110541	110541	251348	251348	44.0	2.59	92.40	11	1979	8	246	7	0	0	0
TOBG_MED_766	c__Alphaproteobacteria (UID3305)	564	349	230	93.27	3.91	90.00	1607840	2859	39	39	87336	87336	41226	41226	384135	384135	33.8	2.98	94.89	11	1695	21	320	7	1	0	0
TOBG_MED_767	p__Cyanobacteria (UID2143)	129	472	368	73.05	1.16	85.71	1694930	27950	47	47	45875	45875	36062	36062	154961	154961	62.9	2.42	92.90	11	1919	125	340	7	0	0	0
TOBG_MED_768	p__Proteobacteria (UID3880)	1495	261	164	76.36	1.83	0.00	1666962	71	119	119	14763	14763	14008	14008	47804	47804	40.2	2.92	92.91	11	1739	55	201	5	0	0	0
TOBG_MED_769	k__Bacteria (UID2495)	2993	139	83	81.93	4.67	0.00	1263754	470	48	48	30066	30066	26328	26328	135183	135183	28.7	2.85	96.07	11	1370	18	110	7	4	0	0
TOBG_MED_770	p__Euryarchaeota (UID3)	148	188	125	64.76	1.87	33.33	1224866	6125	24	24	60746	60746	51036	51036	171294	171294	47.1	3.27	95.37	11	1107	53	132	3	0	0	0
TOBG_MED_771	s__algicola (UID2846)	47	571	303	63.25	1.72	60.00	1005289	10548	77	77	13913	13913	13055	13055	32748	32748	40.3	1.54	95.96	11	979	168	393	10	0	0	0
TOBG_MED_772	k__Bacteria (UID203)	5449	104	58	53.45	0.00	0.00	804302	3274	25	25	42085	42085	32172	32172	92169	92169	38.7	0.87	94.92	11	766	69	35	0	0	0	0
TOBG_MED_773	k__Bacteria (UID1453)	901	171	117	68.38	1.78	90.91	883358	3709	34	34	28544	28544	25981	25981	128697	128697	34.2	1.72	96.15	11	980	41	119	11	0	0	0
TOBG_MED_774	k__Bacteria (UID2566)	525	208	136	58.76	0.98	50.00	933742	5970	42	42	24987	24987	22231	22231	72679	72679	28.7	2.05	95.53	11	880	68	138	2	0	0	0
TOBG_MED_775	k__Bacteria (UID3187)	2258	190	119	70.31	1.05	100.00	1969713	9344	114	114	19622	19622	17278	17278	86852	86852	39.1	1.84	89.00	11	1827	40	148	2	0	0	0
TOBG_MED_776	c__Gammaproteobacteria (UID4443)	356	451	270	69.32	0.00	0.00	1920432	3027	13	13	261381	261381	147725	147725	517660	517660	43.4	4.40	89.55	11	1766	125	326	0	0	0	0
TOBG_MED_777	p__Euryarchaeota (UID3)	148	188	125	80.06	3.20	75.00	2033632	1350	40	40	90633	90633	50840	50840	216904	216904	61.4	6.82	95.69	11	1680	35	149	4	0	0	0
TOBG_MED_778	c__Gammaproteobacteria (UID4443)	356	451	270	94.78	4.31	93.33	1433382	2958	31	31	64240	64240	46238	46238	130129	130129	42.3	1.13	92.57	11	1357	20	416	15	0	0	0
TOBG_MED_779	k__Bacteria (UID2566)	525	208	136	84.56	4.41	11.11	1565810	6153	74	74	25565	25565	21159	21159	71176	71176	30.5	2.06	95.44	11	1526	52	149	6	1	0	0
TOBG_MED_780	c__Gammaproteobacteria (UID4444)	263	498	228	64.06	1.10	0.00	1291529	6383	94	94	14314	14314	13739	13739	44892	44892	57.0	1.82	93.12	11	1313	171	324	3	0	0	0
TOBG_MED_781	k__Bacteria (UID203)	5449	104	58	62.07	1.72	0.00	880396	4257	17	17	118036	118036	51788	51788	168962	168962	30.2	2.28	95.40	11	958	62	41	1	0	0	0
TOBG_MED_782	k__Bacteria (UID3187)	2258	182	112	51.46	0.89	0.00	1999966	32	170	170	11308	11308	11764	11764	43528	43528	40.3	10.12	93.23	11	2002	69	112	1	0	0	0
TOBG_MED_783	k__Bacteria (UID2569)	434	278	186	76.61	1.16	100.00	1730807	983	10	10	357326	357326	173080	173080	476618	476618	61.0	2.07	95.23	11	1452	61	208	9	0	0	0
TOBG_MED_784	k__Bacteria (UID2495)	2993	139	83	59.04	2.41	0.00	523719	1216	10	10	67959	67959	52371	52371	98700	98700	29.3	1.91	97.37	11	577	55	80	4	0	0	0
TOBG_MED_785	k__Bacteria (UID2982)	88	230	148	50.44	2.68	91.67	865412	6483	67	67	13427	13427	12916	12916	30263	30263	50.4	1.65	91.89	11	820	111	107	12	0	0	0
TOBG_MED_786	f__Flavobacteriaceae (UID2845)	53	548	298	51.10	2.67	62.86	1169409	12773	48	48	35583	35583	24362	24362	116233	116233	29.9	1.78	95.64	11	1118	275	255	11	6	1	0
TOBG_MED_787	k__Bacteria (UID2495)	2993	139	83	52.66	2.41	0.00	481559	1824	30	30	17646	17646	16051	16051	59652	59652	28.7	1.56	96.84	11	552	55	82	2	0	0	0
TOBG_MED_788	k__Bacteria (UID2495)	2993	147	91	55.72	2.20	50.00	614469	2683	38	38	18869	18869	16170	16170	40806	40806	30.9	1.68	97.04	11	653	67	78	2	0	0	0
TOBG_MED_789	k__Bacteria (UID2495)	2993	147	91	51.65	3.30	0.00	1521140	1071	24	24	128732	128732	63380	63380	240579	240579	34.2	2.49	92.69	11	1361	50	93	4	0	0	0
TOBG_MED_790	p__Euryarchaeota (UID3)	148	188	125	67.82	3.07	80.00	1638911	7269	46	46	44043	44043	35628	35628	123712	123712	54.1	1.34	95.14	11	1380	62	121	5	0	0	0
TOBG_MED_791	k__Bacteria (UID2569)	434	278	186	68.55	3.76	44.44	1572672	5418	66	66	32458	32458	23828	23828	60054	60054	30.2	1.39	96.04	11	1421	80	189	9	0	0	0
TOBG_MED_792	c__Alphaproteobacteria (UID3337)	468	388	250	94.66	8.80	100.00	2165014	3136	32	32	119749	119749	67656	67656	375574	375574	50.9	3.76	93.06	11	2220	22	334	32	0	0	0
TOBG_MED_793	f__Rhodobacteraceae (UID3340)	84	568	330	63.62	2.51	66.67	1428744	13398	57	57	31708	31708	25065	25065	113265	113265	39.9	1.88	92.56	11	1419	189	364	15	0	0	0
TOBG_MED_794	c__Gammaproteobacteria (UID4444)	263	498	228	55.90	2.92	100.00	1103347	3842	42	42	30244	30244	26270	26270	80249	80249	52.8	1.13	93.85	11	1046	202	282	14	0	0	0
TOBG_MED_795	c__Gammaproteobacteria (UID4201)	1164	275	174	65.66	3.45	100.00	926841	2940	15	15	60399	60399	61789	61789	121988	121988	33.9	1.12	96.99	11	969	76	193	6	0	0	0
TOBG_MED_796	k__Bacteria (UID2566)	525	208	136	94.85	5.28	91.67	2205922	42915	61	61	49165	49165	36162	36162	116981	116981	35.5	2.84	90.87	11	1976	8	188	12	0	0	0
TOBG_MED_797	o__Rhodospirillales (UID3754)	63	336	201	93.18	6.97	90.48	2604406	6316	26	26	255024	255024	100169	100169	348200	348200	37.8	2.58	90.92	11	2441	45	270	21	0	0	0
TOBG_MED_798	c__Alphaproteobacteria (UID3305)	564	347	229	66.09	4.51	100.00	1091238	5462	50	50	25537	25537	21824	21824	53881	53881	41.5	1.85	92.32	11	1076	106	230	11	0	0	0
TOBG_MED_800	c__Alphaproteobacteria (UID3337)	468	388	250	54.69	2.60	85.71	1491236	11531	93	93	18431	18431	16034	16034	55951	55951	37.1	1.37	93.76	11	1500	159	222	7	0	0	0
TOBG_MED_801	c__Alphaproteobacteria (UID3305)	564	349	230	74.37	2.83	90.00	1159914	3532	37	37	37766	37766	31349	31349	151680	151680	33.0	1.29	95.07	11	1187	80	259	10	0	0	0
TOBG_MED_802	k__Bacteria (UID2982)	88	230	148	50.21	2.82	100.00	1043023	4970	50	50	26125	26125	20860	20860	68403	68403	49.6	2.41	91.69	11	979	102	121	7	0	0	0
TOBG_MED_803	c__Alphaproteobacteria (UID3305)	564	349	230	79.36	2.39	83.33	2200859	5772	62	62	49586	49586	35497	35497	138587	138587	63.9	1.36	90.19	11	1998	81	262	6	0	0	0
TOBG_MED_804	c__Gammaproteobacteria (UID4443)	356	451	270	51.11	3.16	23.53	1106558	1800	66	66	17403	17403	16766	16766	67954	67954	32.5	4.07	96.34	11	1162	193	241	17	0	0	0
TOBG_MED_805	s__algicola (UID2846)	47	571	303	58.45	2.82	92.86	1030866	3654	30	30	49247	49247	34362	34362	102532	102532	38.5	2.16	95.01	11	952	228	329	14	0	0	0
TOBG_MED_806	k__Bacteria (UID2495)	2993	147	91	91.21	9.89	18.18	2656395	27873	83	83	42041	42041	32004	32004	117785	117785	33.7	3.32	94.84	11	2253	9	129	8	1	0	0
TOBG_MED_807	p__Euryarchaeota (UID3)	148	188	125	60.27	2.15	100.00	1508025	1724	15	15	190545	190545	100535	100535	248765	248765	48.4	0.90	95.71	11	1264	86	91	11	0	0	0
TOBG_MED_808	k__Bacteria (UID2495)	2993	147	91	51.65	2.20	0.00	892794	9035	24	24	91588	91588	37199	37199	194932	194932	30.9	1.66	96.04	11	837	68	76	3	0	0	0
TOBG_MED_809	k__Bacteria (UID2982)	88	230	148	90.03	9.96	61.90	1647829	1510	46	46	50958	50958	35822	35822	252350	252350	47.7	2.91	94.17	11	1519	17	192	21	0	0	0
TOBG_MED_810	c__Gammaproteobacteria (UID4443)	356	451	270	90.56	6.32	80.65	2909769	2929	63	63	76631	76631	46186	46186	216865	216865	55.1	1.35	91.97	11	2788	35	387	28	1	0	0
TOBG_MED_811	k__Bacteria (UID2566)	525	208	136	60.55	3.68	0.00	1397669	2922	45	45	39671	39671	31059	31059	93768	93768	34.9	1.31	91.48	11	1306	69	134	5	0	0	0
TOBG_MED_812	k__Bacteria (UID2495)	2993	147	91	64.84	2.20	100.00	1869419	12051	82	82	28980	28980	22797	22797	87996	87996	36.3	2.25	95.65	11	1689	40	104	3	0	0	0
TOBG_MED_813	k__Bacteria (UID1452)	924	151	101	90.10	6.93	100.00	1445825	1918	23	23	161237	161237	62861	62861	180308	180308	30.5	1.24	94.91	11	1503	10	128	13	0	0	0
TOBG_MED_814	c__Gammaproteobacteria (UID4443)	356	451	270	90.20	6.51	84.00	1967603	13320	74	74	39535	39535	26589	26589	144762	144762	49.8	1.55	93.73	11	2056	48	380	22	1	0	0
TOBG_MED_815	c__Gammaproteobacteria (UID4443)	356	451	270	90.49	8.60	65.71	3392130	2841	62	62	74616	74616	54711	54711	244997	244997	53.1	1.70	88.78	11	3210	34	384	32	1	0	0
TOBG_MED_816	c__Gammaproteobacteria (UID4274)	112	581	290	58.25	3.59	95.45	962851	3361	38	38	36242	36242	25338	25338	79606	79606	30.5	2.43	95.58	11	1094	223	336	22	0	0	0
TOBG_MED_817	k__Bacteria (UID2495)	2993	140	84	68.45	2.38	50.00	775528	432	61	61	13397	13397	12713	12713	31592	31592	28.3	2.16	96.57	11	894	45	93	2	0	0	0
TOBG_MED_818	k__Bacteria (UID2566)	525	208	136	79.41	3.43	66.67	1393000	11698	54	54	31568	31568	25796	25796	75432	75432	33.2	1.96	94.53	11	1316	35	167	6	0	0	0
TOBG_MED_819	s__algicola (UID2846)	47	571	303	72.52	4.62	33.33	1426250	18221	33	33	65982	65982	43219	43219	168132	168132	30.3	2.06	95.61	11	1308	134	422	15	0	0	0
TOBG_MED_820	p__Proteobacteria (UID3880)	1495	261	164	90.14	7.93	94.12	2062951	568	28	28	159512	159512	73676	73676	459910	459910	38.4	2.89	94.46	11	2069	20	226	14	1	0	0
TOBG_MED_821	c__Alphaproteobacteria (UID3305)	564	349	230	50.60	3.48	70.00	2455043	17335	146	146	18454	18454	16815	16815	49619	49619	56.4	2.00	90.12	11	2582	180	159	10	0	0	0
TOBG_MED_822	c__Gammaproteobacteria (UID4201)	1164	275	174	54.21	2.43	75.00	700387	5017	44	44	17110	17110	15917	15917	43358	43358	35.3	1.60	97.16	11	771	105	162	8	0	0	0
TOBG_MED_823	c__Gammaproteobacteria (UID4443)	356	451	270	58.31	3.73	93.33	1005803	4158	36	36	36487	36487	27938	27938	83511	83511	34.4	1.80	96.82	11	1068	160	276	15	0	0	0
TOBG_MED_824	c__Gammaproteobacteria (UID4443)	356	451	270	63.40	2.68	61.11	1952944	6108	65	65	35781	35781	30045	30045	67001	67001	51.9	1.93	92.26	11	1899	155	280	15	1	0	0
TOBG_MED_825	c__Gammaproteobacteria (UID4444)	263	498	228	93.98	5.87	97.06	2606596	6445	39	39	95612	95612	66835	66835	257166	257166	53.2	1.33	91.97	11	2407	19	445	34	0	0	0
TOBG_MED_826	c__Betaproteobacteria (UID3971)	223	425	211	62.25	3.32	6.25	1540108	371	101	101	14843	14843	15248	15248	116261	116261	35.3	3.70	94.72	11	1590	130	279	16	0	0	0
TOBG_MED_827	k__Bacteria (UID203)	5449	99	53	75.47	3.77	0.00	857302	792	26	26	50206	50206	32973	32973	131559	131559	28.5	1.30	96.21	11	965	51	46	2	0	0	0
TOBG_MED_828	c__Gammaproteobacteria (UID4443)	356	451	270	75.68	4.90	80.95	2136873	10464	85	85	28951	28951	25139	25139	59544	59544	44.0	1.60	92.23	11	1993	88	342	21	0	0	0
TOBG_MED_829	k__Bacteria (UID2495)	2993	147	91	78.93	2.20	0.00	1579447	4888	101	101	16293	16293	15638	15638	63270	63270	29.0	2.69	96.19	11	1400	26	119	2	0	0	0
TOBG_MED_830	c__Alphaproteobacteria (UID3422)	26	529	308	76.30	3.03	69.23	1952626	384	21	21	306155	306155	92982	92982	705567	705567	53.0	5.70	89.60	11	1825	136	380	13	0	0	0
TOBG_MED_831	p__Cyanobacteria (UID2143)	129	472	368	79.48	4.35	85.00	1822500	10688	90	90	24701	24701	20250	20250	61611	61611	59.9	2.62	93.61	11	2068	92	360	20	0	0	0
TOBG_MED_832	k__Bacteria (UID203)	5449	100	54	68.52	3.70	100.00	958664	3900	14	14	135228	135228	68476	68476	185387	185387	29.5	1.98	96.24	11	1039	56	41	3	0	0	0
TOBG_MED_833	k__Bacteria (UID2569)	434	278	186	54.98	3.76	36.84	1133221	156	82	82	14639	14639	13819	13819	43177	43177	56.2	1.39	95.64	11	1039	111	160	1	6	0	0
TOBG_MED_834	c__Alphaproteobacteria (UID3305)	564	349	230	77.40	3.04	45.45	2324977	101	160	160	15274	15274	14531	14531	55170	55170	58.8	1.54	91.04	11	2179	97	243	8	1	0	0
TOBG_MED_835	k__Bacteria (UID2565)	2921	143	88	76.91	3.98	0.00	1770030	255	104	104	20264	20264	17019	17019	63575	63575	55.1	2.55	94.15	11	1623	27	111	5	0	0	0
TOBG_MED_836	c__Gammaproteobacteria (UID4443)	356	451	270	58.19	4.63	95.00	2421174	3891	57	57	78155	78155	42476	42476	147534	147534	52.2	2.86	87.34	11	2291	185	246	20	0	0	0
TOBG_MED_837	k__Bacteria (UID1453)	901	171	117	78.09	3.85	83.33	1827968	5166	72	72	32288	32288	25388	25388	84058	84058	42.4	1.78	95.24	11	1831	37	128	6	0	0	0
TOBG_MED_838	c__Gammaproteobacteria (UID4443)	356	451	270	51.30	2.74	7.14	842170	28	69	69	13233	13233	12205	12205	24566	24566	43.5	2.78	93.47	11	915	222	217	11	1	0	0
TOBG_MED_839	c__Alphaproteobacteria (UID3305)	564	349	230	69.17	2.14	60.00	1096935	4927	58	58	21626	21626	18912	18912	41217	41217	45.7	1.70	93.18	11	1100	118	221	10	0	0	0
TOBG_MED_840	k__Bacteria (UID2982)	88	230	148	57.33	4.05	27.27	1001749	229	83	83	12063	12063	12069	12069	35645	35645	43.8	2.64	93.85	11	957	91	134	2	3	0	0
TOBG_MED_841	c__Gammaproteobacteria (UID4266)	1097	270	172	76.16	3.04	0.00	1388011	209	59	59	41041	41041	23525	23525	93430	93430	43.4	4.66	91.23	11	1258	48	207	15	0	0	0
TOBG_MED_842	s__algicola (UID2846)	47	571	303	52.32	4.40	100.00	1192680	1443	20	20	81586	81586	59634	59634	146929	146929	37.6	1.26	94.27	11	1064	243	303	25	0	0	0
TOBG_MED_843	p__Cyanobacteria (UID2143)	129	472	368	59.78	3.80	93.75	1472163	5202	70	70	26643	26643	21030	21030	67278	67278	61.2	2.30	92.13	11	1634	206	250	16	0	0	0
TOBG_MED_844	p__Proteobacteria (UID3214)	2231	190	119	59.94	2.78	0.00	1320517	6479	58	58	26740	26740	22767	22767	90112	90112	39.5	2.67	93.92	11	1332	72	109	9	0	0	0
TOBG_MED_845	k__Bacteria (UID2566)	525	208	136	65.78	4.17	44.44	1049628	10034	75	75	14656	14656	13995	13995	54352	54352	32.9	1.33	95.08	11	1014	62	137	9	0	0	0
TOBG_MED_846	p__Euryarchaeota (UID3)	148	188	125	74.27	3.36	90.00	1326860	4696	60	60	26871	26871	22114	22114	81438	81438	38.1	1.16	95.25	11	1192	37	143	7	1	0	0
TOBG_MED_847	k__Bacteria (UID2566)	525	208	136	57.35	3.68	66.67	655901	1912	54	54	11261	11261	12146	12146	37910	37910	30.4	2.41	96.45	11	682	92	110	6	0	0	0
TOBG_MED_848	c__Gammaproteobacteria (UID4201)	1164	275	174	55.56	2.62	0.00	887515	5167	48	48	23762	23762	18489	18489	89621	89621	35.6	3.43	96.46	11	960	128	141	6	0	0	0
TOBG_MED_849	c__Gammaproteobacteria (UID4443)	356	451	270	51.27	3.68	54.55	926550	7787	59	59	17915	17915	15704	15704	57328	57328	33.9	1.82	96.87	11	992	187	231	33	0	0	0
TOBG_MED_850	p__Cyanobacteria (UID2143)	129	472	368	76.90	3.71	100.00	1935913	5750	55	55	53213	53213	35198	35198	160695	160695	57.7	2.80	91.11	11	2135	102	350	20	0	0	0
TOBG_MED_851	k__Bacteria (UID2566)	525	208	136	63.60	2.21	0.00	988426	10433	22	22	81367	81367	44928	44928	117867	117867	29.6	3.33	96.47	11	955	58	146	4	0	0	0
TOBG_MED_852	c__Gammaproteobacteria (UID4443)	356	451	270	63.50	3.36	76.92	1193691	5411	45	45	36155	36155	26526	26526	89484	89484	31.3	1.42	96.61	11	1274	135	303	13	0	0	0
TOBG_MED_853	p__Euryarchaeota (UID3)	148	188	125	78.93	4.80	33.33	2352348	13346	60	60	62262	62262	39205	39205	171802	171802	47.0	4.13	95.44	11	2062	31	151	6	0	0	0
TOBG_MED_854	k__Bacteria (UID2565)	2921	142	87	67.75	2.16	100.00	1987209	6059	45	45	72450	72450	44160	44160	114584	114584	49.2	1.20	90.15	11	1626	35	91	16	0	0	0
TOBG_MED_855	c__Gammaproteobacteria (UID4443)	356	451	270	73.18	3.09	0.00	2169710	351	130	130	18719	18719	16690	16690	47661	47661	43.8	3.39	91.56	11	2082	100	337	14	0	0	0
TOBG_MED_856	k__Bacteria (UID2982)	88	230	148	75.97	2.03	60.00	1796199	14351	53	53	42261	42261	33890	33890	142093	142093	43.3	3.59	95.49	11	1519	43	182	5	0	0	0
TOBG_MED_857	f__Flavobacteriaceae (UID2817)	81	511	283	72.48	2.67	100.00	1606096	6480	79	79	24713	24713	20330	20330	56006	56006	37.9	1.65	94.18	11	1541	133	367	11	0	0	0
TOBG_MED_858	k__Bacteria (UID2565)	2921	152	93	69.53	4.30	0.00	1876457	39	114	114	17994	17994	16460	16460	77972	77972	49.5	1.88	95.65	11	1724	54	94	4	0	0	0
TOBG_MED_859	c__Gammaproteobacteria (UID4443)	356	451	270	53.90	3.77	69.57	787199	4271	43	43	20525	20525	18306	18306	48430	48430	33.4	1.74	97.09	11	843	181	247	23	0	0	0
TOBG_MED_861	k__Bacteria (UID2982)	88	230	148	75.78	2.03	33.33	2696486	22491	164	164	17399	17399	16441	16441	45607	45607	49.9	1.30	88.63	11	2553	45	182	3	0	0	0
TOBG_MED_862	k__Bacteria (UID2569)	434	278	186	72.89	2.69	100.00	1259877	4622	74	74	18927	18927	17025	17025	83862	83862	29.2	3.35	95.69	11	1138	60	211	7	0	0	0
TOBG_MED_863	k__Bacteria (UID1453)	901	171	117	52.49	2.56	25.00	1344670	7143	83	83	19085	19085	16200	16200	69073	69073	42.7	1.70	95.50	11	1371	85	82	4	0	0	0
TOBG_MED_864	f__Rhodobacteraceae (UID3356)	67	615	329	55.69	2.01	6.67	1722817	957	98	98	19290	19290	17579	17579	87768	87768	37.2	2.15	93.97	11	1680	252	350	12	1	0	0
TOBG_MED_865	c__Gammaproteobacteria (UID4443)	356	451	270	56.64	4.78	41.67	1416409	5576	63	63	29302	29302	22482	22482	83185	83185	33.8	3.38	96.06	11	1601	158	271	21	1	0	0
TOBG_MED_866	k__Bacteria (UID203)	5449	104	58	50.86	2.04	0.00	1711401	10001	93	93	22537	22537	18402	18402	84416	84416	33.8	3.16	94.82	11	1623	49	42	13	0	0	0
TOBG_MED_867	k__Bacteria (UID1453)	901	171	117	73.08	3.42	33.33	1776757	13667	107	107	18420	18420	16605	16605	55445	55445	46.3	2.17	94.20	11	1839	33	134	3	1	0	0
TOBG_MED_868	c__Gammaproteobacteria (UID4201)	1164	275	174	57.51	3.58	23.81	913197	3560	60	60	15484	15484	15219	15219	45638	45638	33.4	3.36	96.78	11	996	98	160	15	2	0	0
TOBG_MED_869	c__Gammaproteobacteria (UID4443)	356	451	270	56.98	2.15	30.77	2039890	9488	158	158	13312	13312	12910	12910	51120	51120	52.0	2.13	89.37	11	1960	173	265	13	0	0	0
TOBG_MED_870	p__Euryarchaeota (UID3)	148	188	125	74.13	2.40	100.00	1612743	16350	88	88	19303	19303	18326	18326	74473	74473	43.6	1.86	95.55	11	1435	35	149	4	0	0	0
TOBG_MED_871	c__Gammaproteobacteria (UID4201)	1164	275	174	51.22	4.60	87.50	619551	3077	42	42	14403	14403	14751	14751	42387	42387	33.9	1.32	97.07	11	674	135	132	8	0	0	0
TOBG_MED_872	k__Bacteria (UID2495)	2993	139	83	64.78	3.61	33.33	851112	1642	44	44	23310	23310	19343	19343	59045	59045	27.6	1.86	96.11	11	925	36	100	3	0	0	0
TOBG_MED_873	k__Bacteria (UID1453)	901	171	117	51.61	4.70	25.00	1158792	8293	90	90	13256	13256	12875	12875	56258	56258	44.3	2.53	95.16	11	1235	91	74	5	1	0	0
TOBG_MED_874	p__Euryarchaeota (UID3)	148	188	125	55.33	2.80	100.00	781876	7961	50	50	18097	18097	15637	15637	33363	33363	36.2	1.98	95.97	11	771	80	103	5	0	0	0
TOBG_MED_875	p__Euryarchaeota (UID3)	148	188	125	51.02	2.67	100.00	1305281	635	55	55	30669	30669	23732	23732	207885	207885	47.7	2.42	95.24	11	1206	87	98	0	3	0	0
TOBG_MED_876	c__Gammaproteobacteria (UID4443)	356	451	270	52.05	2.35	63.64	1310231	4379	55	55	26838	26838	23822	23822	79279	79279	54.9	1.33	92.37	11	1306	183	257	11	0	0	0
TOBG_MED_877	k__Bacteria (UID203)	5449	102	58	55.17	3.45	100.00	740738	3744	47	47	19192	19192	15760	15760	40886	40886	32.4	1.42	97.02	11	809	64	36	2	0	0	0
TOBG_MED_878	c__Alphaproteobacteria (UID3305)	564	349	230	91.97	7.10	100.00	1463536	680	13	13	382379	382379	112579	112579	471221	471221	33.3	0.91	94.44	11	1491	25	300	24	0	0	0
TOBG_MED_879	c__Alphaproteobacteria (UID3305)	564	349	230	91.75	8.38	28.57	1564032	12618	34	34	103630	103630	46000	46000	358688	358688	35.3	2.71	95.31	11	1591	29	294	25	1	0	0
TOBG_MED_880	c__Alphaproteobacteria (UID3305)	564	347	229	79.40	4.00	71.43	1730803	9945	53	53	39804	39804	32656	32656	90392	90392	47.1	3.14	91.84	11	1704	63	270	14	0	0	0
TOBG_MED_881	s__algicola (UID2846)	47	571	303	66.30	2.26	0.00	1178605	154	75	75	16458	16458	15714	15714	54990	54990	29.3	2.46	96.37	11	1158	201	354	16	0	0	0
TOBG_MED_882	k__Bacteria (UID1452)	924	151	101	71.29	2.97	100.00	1060569	3208	31	31	47807	47807	34211	34211	128636	128636	31.1	2.95	94.90	11	1079	32	116	3	0	0	0
TOBG_MED_883	c__Betaproteobacteria (UID3971)	223	425	211	56.51	4.58	92.31	1019665	7358	69	69	15428	15428	14777	14777	40863	40863	38.2	1.48	95.04	11	1091	159	253	13	0	0	0
TOBG_MED_884	k__Bacteria (UID2566)	525	208	136	58.58	2.21	75.00	767151	5003	31	31	30114	30114	24746	24746	60868	60868	29.9	2.04	96.26	11	761	73	131	4	0	0	0
TOBG_MED_899	p__Euryarchaeota (UID3)	148	188	125	81.87	4.80	74.07	1938004	10168	67	67	41337	41337	28925	28925	96270	96270	40.2	1.81	94.96	11	1703	25	140	21	2	0	0
TOBG_MED_921	p__Euryarchaeota (UID3)	148	188	125	83.73	8.93	100.00	2053674	6450	45	45	61165	61165	45637	45637	202645	202645	49.1	1.91	95.64	11	1691	23	151	14	0	0	0
TOBG_MED_928	c__Gammaproteobacteria (UID4443)	356	451	270	85.88	8.70	60.53	3796047	5008	37	37	139447	139447	102595	102595	316472	316472	55.1	0.92	89.63	11	3900	52	361	38	0	0	0
TOBG_MED_932	c__Gammaproteobacteria (UID4443)	356	451	270	51.24	3.46	100.00	1110695	3847	51	51	26319	26319	21778	21778	68958	68958	36.1	1.06	96.23	11	1152	196	245	10	0	0	0
TOBG_MED_939	c__Gammaproteobacteria (UID4443)	356	451	270	53.44	4.42	83.33	849796	4260	39	39	25912	25912	21789	21789	58643	58643	32.4	1.26	96.57	11	922	189	244	18	0	0	0
TOBG_MED_943	k__Bacteria (UID203)	5449	104	58	63.79	4.31	0.00	1414169	572	93	93	16146	16146	15206	15206	48816	48816	29.3	1.46	95.77	11	1397	61	40	3	0	0	0
TOBG_MED_947	k__Bacteria (UID1453)	901	171	117	53.54	0.09	100.00	926103	4617	58	58	18501	18501	15967	15967	38240	38240	32.1	1.63	96.10	11	993	70	100	1	0	0	0
TOBG_MED_950	c__Gammaproteobacteria (UID4267)	119	544	284	71.49	3.76	41.67	996915	3212	29	29	45395	45395	34376	34376	138077	138077	30.9	2.09	96.46	11	1100	143	389	12	0	0	0
TOBG_MED_952	s__algicola (UID2846)	47	571	303	54.16	1.94	0.00	1055628	223	83	83	13124	13124	12718	12718	34135	34135	29.7	1.80	95.82	11	1020	258	303	10	0	0	0
TOBG_MED_955	k__Bacteria (UID2495)	2993	147	91	87.91	7.79	72.22	1488172	8367	49	49	40207	40207	30370	30370	144675	144675	31.6	2.00	95.38	11	1532	13	116	18	0	0	0
TOBG_MED_957	k__Bacteria (UID2566)	525	208	136	52.40	1.47	0.00	1095810	448	80	80	16081	16081	13697	13697	34578	34578	26.6	1.58	95.89	11	1098	99	107	2	0	0	0
TOBG_MED_961	k__Bacteria (UID2565)	2921	152	93	56.70	3.23	0.00	961840	214	67	67	16273	16273	14355	14355	36826	36826	29.4	1.48	96.79	11	926	80	68	4	0	0	0
TOBG_MED_965	k__Bacteria (UID2565)	2921	152	93	88.95	6.45	100.00	1877216	6771	72	72	38229	38229	26072	26072	115186	115186	29.7	2.07	95.09	11	1989	20	126	6	0	0	0
TOBG_MED_972	k__Bacteria (UID2495)	2993	147	91	83.52	8.24	0.00	1747143	2597	69	69	34221	34221	25320	25320	93730	93730	31.8	1.62	95.05	11	1668	32	105	10	0	0	0
TOBG_MED_995	k__Bacteria (UID2569)	434	278	186	70.34	3.39	30.77	1211796	5636	51	51	28367	28367	23760	23760	62183	62183	31.2	1.23	96.03	11	1165	64	201	13	0	0	0
TOBG_MED_999	k__Bacteria (UID2495)	2993	147	91	67.03	1.10	0.00	1093975	3940	34	34	33774	33774	32175	32175	121647	121647	29.8	1.64	95.99	11	1222	59	87	1	0	0	0
